VISDATA
36
0 0
1 0
2 0
3 0
4 18  23 5 19 26 20 17 18 21 16 27 28 15 31 33 13 30 35 7 
5 18  4 15 17 27 20 7 28 18 31 33 13 30 23 26 35 16 21 19 
6 0
7 18  19 23 5 26 18 17 21 20 16 28 27 33 15 31 30 13 35 4 
8 0
9 0
10 0
11 0
12 0
13 18  19 5 23 26 21 27 4 20 16 18 28 31 17 33 7 30 35 15 
14 0
15 18  5 23 19 26 21 4 28 27 16 20 33 31 7 18 30 35 17 13 
16 11  19 18 17 4 5 23 15 7 13 20 21 
17 18  23 5 20 21 26 4 16 19 28 27 7 33 31 30 35 13 15 18 
18 18  23 20 5 26 21 16 4 28 27 7 33 31 30 19 13 15 35 17 
19 18  20 4 7 26 23 27 28 15 16 13 21 31 33 30 17 5 35 18 
20 18  19 5 18 23 17 4 26 7 15 13 28 27 33 31 21 30 16 35 
21 11  18 19 17 4 15 5 7 23 13 20 16 
22 0
23 18  17 18 4 15 28 7 19 33 30 31 20 13 35 5 27 16 21 26 
24 0
25 0
26 16  19 33 30 4 35 31 28 18 17 15 5 7 20 13 23 27 
27 16  5 35 19 30 23 4 33 18 17 15 31 13 28 7 20 26 
28 16  23 5 19 26 18 35 17 4 15 7 27 30 20 33 13 31 
29 0
30 16  26 23 5 27 19 18 28 4 17 15 31 7 13 33 35 20 
31 16  23 26 5 19 4 18 27 35 17 15 33 7 13 30 20 28 
32 0
33 16  26 23 5 19 27 18 4 17 15 28 7 31 20 13 35 30 
34 0
35 16  27 26 23 28 5 31 19 18 4 17 33 15 30 13 7 20 
