VISDATA
36
0 0
1 0
2 0
3 0
4 0
5 0
6 0
7 0
8 14  12 25 27 24 28 11 15 21 17 18 19 9 16 32 
9 14  16 18 17 19 21 15 24 8 25 27 28 12 32 11 
10 0
11 14  16 8 18 19 17 21 15 24 32 25 28 27 9 12 
12 14  16 8 18 19 17 32 21 28 15 27 25 24 9 11 
13 0
14 0
15 14  32 9 8 28 16 27 25 11 24 12 18 19 21 17 
16 14  9 11 12 32 28 27 25 24 15 17 21 18 19 8 
17 14  9 32 28 8 27 25 11 16 24 12 21 18 19 15 
18 14  9 28 11 27 25 32 24 12 8 16 21 15 17 19 
19 14  9 28 11 27 32 25 12 24 8 16 21 15 17 18 
20 0
21 14  9 32 8 16 11 28 12 27 25 24 18 19 17 15 
22 0
23 0
24 14  8 16 18 19 9 17 32 15 12 11 21 28 27 25 
25 14  8 16 18 19 17 15 9 21 32 12 11 28 24 27 
26 0
27 14  8 16 18 19 17 15 21 9 12 32 11 24 25 28 
28 14  16 8 18 19 17 15 21 9 12 11 32 24 25 27 
29 0
30 0
31 0
32 14  16 15 17 21 18 19 24 12 25 8 27 11 28 9 
33 0
34 0
35 0
