VISDATA
32
0 0
1 0
2 0
3 0
4 0
5 0
6 0
7 13  27 10 12 14 16 17 18 30 20 19 23 26 9 
8 0
9 13  10 27 18 12 14 30 16 17 20 19 23 26 7 
10 13  26 7 9 17 16 23 14 27 19 18 20 30 12 
11 0
12 13  7 26 9 23 17 16 19 20 18 27 14 30 10 
13 0
14 13  7 23 19 20 9 30 26 18 10 27 12 17 16 
15 0
16 13  19 30 20 7 10 23 9 26 18 12 27 14 17 
17 13  19 10 30 20 7 23 9 12 26 18 27 14 16 
18 13  26 9 7 23 16 17 20 14 30 10 12 19 27 
19 13  26 17 16 14 9 23 7 12 20 30 10 27 18 
20 13  26 16 17 14 27 9 18 7 19 12 10 23 30 
21 0
22 0
23 13  27 14 16 18 17 12 19 26 10 9 7 30 20 
24 0
25 0
26 13  10 19 18 30 27 12 20 14 16 17 23 7 9 
27 13  7 23 26 9 20 30 10 16 17 14 12 19 18 
28 0
29 0
30 13  26 16 17 14 9 7 27 18 19 12 23 10 20 
31 0
