VISDATA
36
0 0
1 0
2 0
3 0
4 0
5 0
6 0
7 0
8 0
9 0
10 0
11 0
12 0
13 15  22 23 25 21 26 24 28 32 19 30 34 33 16 15 14 
14 15  22 23 21 25 26 24 19 28 32 30 34 33 16 15 13 
15 15  21 22 24 23 25 19 26 28 32 30 34 33 16 13 14 
16 15  24 19 21 22 23 25 26 28 32 30 34 33 13 14 15 
17 0
18 0
19 15  16 28 15 32 34 30 33 14 26 13 25 23 22 21 24 
20 0
21 15  16 14 13 15 32 28 34 33 30 26 25 19 23 24 22 
22 15  13 14 16 15 28 32 34 33 30 19 26 24 25 23 21 
23 15  13 14 30 33 34 28 15 16 32 19 24 26 21 22 25 
24 15  16 15 32 28 14 34 30 33 13 26 25 23 22 21 19 
25 15  13 14 30 33 34 15 28 16 32 19 24 21 22 26 23 
26 15  13 14 30 33 15 34 16 28 19 32 24 21 22 23 25 
27 0
28 15  21 22 23 24 19 25 26 13 14 15 16 34 33 32 30 
29 0
30 15  25 23 22 26 21 24 19 13 14 15 16 32 34 28 33 
31 0
32 15  21 22 24 23 19 25 13 14 26 15 16 30 28 33 34 
33 15  23 25 22 21 26 24 19 13 14 15 16 28 30 32 34 
34 15  23 22 25 21 24 19 26 13 14 15 16 28 30 32 33 
35 0
