VISDATA
32
0 0
1 0
2 0
3 0
4 0
5 0
6 13  22 16 25 26 23 31 20 17 9 27 29 30 7 
7 13  26 31 17 20 16 22 29 30 25 23 9 6 27 
8 0
9 13  26 31 20 17 29 23 6 16 30 27 7 22 25 
10 0
11 0
12 0
13 0
14 0
15 0
16 13  6 7 30 29 27 9 31 23 17 26 20 25 22 
17 13  7 9 27 6 23 30 25 29 22 16 31 26 20 
18 0
19 0
20 13  9 7 27 6 23 30 25 29 22 16 31 26 17 
21 0
22 13  6 30 29 7 27 31 17 20 26 23 9 25 16 
23 13  30 6 29 20 17 9 26 31 7 25 16 22 27 
24 0
25 13  29 6 30 31 20 17 26 7 27 23 9 16 22 
26 13  7 9 27 6 30 29 25 23 22 16 20 17 31 
27 13  20 17 26 31 29 30 16 22 25 9 6 23 7 
28 0
29 13  22 25 16 27 23 7 9 26 31 20 17 6 30 
30 13  22 16 25 23 27 26 31 20 17 7 9 6 29 
31 13  7 9 27 6 25 30 29 22 23 16 20 17 26 
