VISDATA
36
0 0
1 0
2 0
3 0
4 0
5 0
6 0
7 16  27 14 30 26 32 16 20 33 19 22 23 35 34 12 9 11 
8 0
9 16  30 32 27 33 26 14 35 16 20 19 22 34 23 7 11 12 
10 0
11 16  27 26 14 30 16 32 20 19 22 33 23 35 34 9 7 12 
12 16  30 32 27 33 26 14 16 35 20 19 22 34 23 7 11 9 
13 0
14 16  35 33 23 34 7 32 11 30 9 12 27 22 26 19 20 16 
15 0
16 16  32 33 30 35 34 7 11 27 9 12 23 26 22 14 19 20 
17 0
18 0
19 16  27 30 32 33 35 26 34 7 11 9 12 14 23 16 20 22 
20 16  30 32 27 33 35 34 7 26 11 9 12 23 14 22 16 19 
21 0
22 16  27 30 26 32 33 35 34 7 11 9 14 12 16 23 20 19 
23 16  26 27 14 30 32 33 35 34 16 7 11 9 12 20 19 22 
24 0
25 0
26 16  23 22 7 34 11 19 9 35 12 20 33 14 16 32 30 27 
27 16  23 22 19 20 7 11 9 12 16 34 14 35 33 32 26 30 
28 0
29 0
30 16  20 19 22 9 23 12 16 7 14 11 34 26 35 33 27 32 
31 0
32 16  20 19 16 9 22 14 12 23 7 11 26 34 27 35 33 30 
33 16  14 16 20 19 22 9 12 23 7 26 11 27 34 30 35 32 
34 16  14 26 16 20 19 27 22 23 9 12 30 7 32 11 33 35 
35 16  14 16 20 19 26 22 23 9 12 27 7 11 30 32 33 34 
