VISDATA
32
0 0
1 0
2 0
3 0
4 0
5 0
6 0
7 14  11 13 28 14 16 18 27 21 23 31 26 24 22 9 
8 0
9 14  11 28 18 13 14 16 27 21 23 31 26 22 24 7 
10 0
11 14  7 26 9 31 22 24 16 23 14 28 18 21 27 13 
12 0
13 14  7 22 23 9 26 31 24 21 16 27 18 28 14 11 
14 14  22 23 7 21 9 27 26 31 24 18 11 28 16 13 
15 0
16 14  22 21 27 7 23 11 9 26 18 31 24 13 28 14 
17 0
18 14  26 31 9 7 24 23 16 21 22 14 27 11 13 28 
19 0
20 0
21 14  16 14 26 24 28 31 9 18 7 13 22 11 23 27 
22 14  13 14 16 11 28 18 27 31 21 26 23 24 9 7 
23 14  28 14 13 16 18 11 24 26 31 9 7 22 27 21 
24 14  11 18 27 28 21 13 14 16 23 22 7 31 9 26 
25 0
26 14  11 18 28 27 13 21 14 16 23 22 7 9 24 31 
27 14  16 26 31 24 14 9 7 28 22 18 13 23 11 21 
28 14  7 23 9 26 22 31 24 21 27 16 11 14 13 18 
29 0
30 0
31 14  11 18 28 27 13 21 14 16 22 23 7 9 24 26 
