VISDATA
36
0 0
1 0
2 0
3 0
4 0
5 0
6 0
7 0
8 0
9 0
10 14  19 34 20 23 26 25 27 28 15 14 30 16 12 33 
11 0
12 14  34 26 25 20 27 23 28 19 30 15 14 10 16 33 
13 0
14 14  27 28 25 26 34 30 20 23 10 33 19 12 16 15 
15 14  27 28 25 26 34 30 20 23 10 33 12 19 16 14 
16 14  25 26 27 34 28 20 23 30 19 10 33 15 14 12 
17 0
18 0
19 14  30 10 28 27 25 26 34 33 12 20 23 16 14 15 
20 14  30 10 28 33 12 27 16 25 15 14 26 19 34 23 
21 0
22 0
23 14  28 30 27 10 25 33 26 12 16 15 14 19 34 20 
24 0
25 14  15 14 16 19 12 23 10 20 33 30 34 28 27 26 
26 14  15 14 16 12 19 10 33 23 20 30 28 34 27 25 
27 14  15 14 19 16 23 20 12 10 33 30 34 26 28 25 
28 14  15 14 19 23 16 20 12 10 33 34 30 26 25 27 
29 0
30 14  19 20 23 14 15 16 34 10 12 26 25 33 27 28 
31 0
32 0
33 14  34 20 23 19 26 25 27 28 15 14 30 16 10 12 
34 14  10 12 16 33 15 14 19 30 23 20 28 27 25 26 
35 0
