VISDATA
36
0 0
1 0
2 0
3 0
4 0
5 0
6 0
7 14  16 15 14 19 13 26 25 28 29 12 31 30 11 32 
8 0
9 0
10 0
11 14  16 19 15 30 32 31 26 14 25 29 28 7 13 12 
12 14  16 19 30 32 7 31 29 28 15 25 26 14 13 11 
13 14  16 7 32 30 19 31 29 28 25 26 15 11 14 12 
14 14  7 32 30 16 31 29 28 25 26 19 11 12 13 15 
15 14  7 32 30 31 29 28 16 25 26 11 12 13 19 14 
16 14  7 11 12 30 31 32 29 28 25 13 26 14 15 19 
17 0
18 0
19 14  29 31 28 11 7 30 25 32 26 12 13 16 14 15 
20 0
21 0
22 0
23 0
24 0
25 14  16 19 7 15 14 32 13 12 11 30 31 29 28 26 
26 14  16 19 7 15 32 14 12 13 11 30 31 29 28 25 
27 0
28 14  16 19 15 7 14 13 12 11 32 30 31 26 25 29 
29 14  16 19 15 14 7 13 12 11 32 30 26 25 31 28 
30 14  16 15 19 14 13 12 11 7 26 25 28 29 32 31 
31 14  16 19 15 14 13 12 7 11 32 26 25 28 30 29 
32 14  16 15 14 19 13 12 26 25 11 28 29 31 7 30 
33 0
34 0
35 0
